Accuracy = 0.7291111111111112
F1-score= 0.7291111111111112